0.0,0.0,-1.0,0.0
0.0,0.0,-1.0,0.0
0.0,0.0,-1.0,0.0
0.0,0.0,-1.0,0.0
0.0,0.0,-1.0,0.0
-0.0,-0.0,-1.0,0.0
-0.0,-0.0,-1.0,0.0
-0.0,-0.0,-1.0,0.0
-0.0,-0.0,-1.0,0.0
-0.0,-0.0,-1.0,0.0
0.0,-0.0,-1.0,-0.0
0.0,-0.0,-1.0,-0.0
0.0,-0.0,-1.0,-0.0
0.0,-0.0,-1.0,-0.0
0.0,-0.0,-1.0,-0.0
-0.0,0.0,-1.0,-0.0
-0.0,0.0,-1.0,-0.0
-0.0,0.0,-1.0,-0.0
-0.0,0.0,-1.0,-0.0
-0.0,0.0,-1.0,-0.0
0.0,0.32469946920468346,-0.9729086208503173,0.0
0.01663986947803089,0.30710635634483385,-0.9671961464430661,0.21085949060360637
0.026262390152365603,0.2562335045289225,-0.9524677821085106,0.3988690835782078
0.02480956240757836,0.17759377662483133,-0.9349347586486683,0.5436550222555944
0.012894071280070397,0.07970900737207066,-0.9219910848545059,0.6295275035947591
-0.004459094451282031,-0.02681346964213647,-0.9190953536515762,0.6471809117937686
-0.019931775413533057,-0.13043029116676905,-0.9274687498526287,0.5947022261534087
-0.02699884835473796,-0.21991296680899186,-0.943580053342511,0.4777783265535197
-0.022679994474014732,-0.2855646601961988,-0.9606348216275499,0.30907973177698134
-0.008796556429924798,-0.32027099165890366,-0.9714407352018536,0.10688755219623339
0.008796556429924784,-0.3202709916589037,-0.9714407352018536,-0.10688755219623322
0.02267999447401473,-0.28556466019619886,-0.9606348216275499,-0.3090797317769812
0.02699884835473796,-0.21991296680899203,-0.943580053342511,-0.4777783265535193
0.01993177541353308,-0.13043029116676924,-0.9274687498526287,-0.5947022261534086
0.004459094451282057,-0.02681346964213662,-0.9190953536515762,-0.6471809117937686
-0.012894071280070375,0.07970900737207051,-0.9219910848545059,-0.6295275035947592
-0.024809562407578346,0.1775937766248312,-0.9349347586486682,-0.5436550222555945
-0.02626239015236562,0.2562335045289223,-0.9524677821085105,-0.39886908357820844
-0.016639869478030905,0.30710635634483385,-0.967196146443066,-0.21085949060360654
-1.3270948304058486e-17,0.32469946920468346,-0.9729086208503173,-1.5905686625854407e-16
0.0,0.6142127126896677,-0.8945702546981967,0.0
0.06475628986000129,0.5809329737336059,-0.8723393923093905,0.3988690835782077
0.10220362313348388,0.48470013296966513,-0.8150219817809371,0.7545145128592007
0.09654974858342774,0.3359425119009932,-0.7467898630863313,1.0283965871729668
0.0501790124249559,0.15078030698269484,-0.696417815807072,1.1908359340493628
-0.017353165731352413,-0.05072128379469843,-0.68514868840309,1.2242297297481677
-0.07756718451471482,-0.24672643645112827,-0.7177348858022867,1.1249592383472882
-0.10506964926941986,-0.41599495136296777,-0.7804341900360559,0.9037819579303901
-0.08826224857842596,-0.5401839584678955,-0.8468051144005314,0.584665878749753
-0.034232982337880496,-0.6058356518551025,-0.8888577802909454,0.20219217958074812
0.03423298233788045,-0.6058356518551025,-0.8888577802909455,-0.2021921795807478
0.08826224857842593,-0.5401839584678956,-0.8468051144005314,-0.5846658787497527
0.10506964926941986,-0.4159949513629681,-0.7804341900360561,-0.9037819579303894
0.07756718451471493,-0.24672643645112866,-0.7177348858022867,-1.1249592383472877
0.01735316573135251,-0.05072128379469872,-0.68514868840309,-1.2242297297481677
-0.05017901242495581,0.15078030698269457,-0.696417815807072,-1.1908359340493628
-0.09654974858342769,0.33594251190099295,-0.7467898630863312,-1.028396587172967
-0.10220362313348395,0.4847001329696647,-0.8150219817809368,-0.7545145128592019
-0.06475628986000134,0.5809329737336059,-0.8723393923093905,-0.39886908357820805
-5.1645680047509585e-17,0.6142127126896677,-0.8945702546981967,-3.008774530364058e-16
0.0,0.8371664782625285,-0.7734740790612135,0.0
0.1391351003943373,0.791806489314499,-0.7257089387635481,0.5436550222555944
0.2195942880002114,0.6606419811056766,-0.6025569841741031,1.028396587172967
0.20744639619171315,0.4578866633275288,-0.4559537321160161,1.4016954246529694
0.10781442152613771,0.20551222073422412,-0.34772455668888774,1.6230988133263757
-0.03728494114488547,-0.06913265982629709,-0.3235117554907434,1.6686142606028826
-0.1666605364219166,-0.3362859439908972,-0.39352632637503715,1.5333094615251492
-0.22575222007164952,-0.566997428110032,-0.5282417958387845,1.2318467905435218
-0.18963990746749995,-0.7362659430218715,-0.6708460933468826,0.7968944057341569
-0.07355284628992614,-0.8257486186640944,-0.7612002798384461,0.27558614697277184
0.07355284628992605,-0.8257486186640945,-0.7612002798384461,-0.2755861469727714
0.1896399074674999,-0.7362659430218716,-0.6708460933468827,-0.7968944057341567
0.22575222007164958,-0.5669974281100324,-0.5282417958387848,-1.2318467905435209
0.16666053642191683,-0.3362859439908977,-0.39352632637503737,-1.533309461525149
0.03728494114488568,-0.06913265982629749,-0.3235117554907434,-1.6686142606028826
-0.10781442152613753,0.20551222073422376,-0.3477245566888877,-1.6230988133263757
-0.207446396191713,0.4578866633275285,-0.4559537321160159,-1.4016954246529698
-0.21959428800021155,0.6606419811056761,-0.6025569841741025,-1.0283965871729686
-0.1391351003943374,0.791806489314499,-0.725708938763548,-0.5436550222555948
-1.1096569760063653e-16,0.8371664782625285,-0.7734740790612135,-4.1009329918306716e-16
0.0,0.9694002659393304,-0.6227427435703995,0.0
0.23171620285348649,0.9168754856345991,-0.5431944706531399,0.6295275035947591
0.3657132847103968,0.7649930196723626,-0.3380966685128209,1.190835934049363
0.3454821327252953,0.5302116899389077,-0.09394297331589652,1.6230988133263757
0.17955460770198714,0.23797369651853684,0.08630236734121,1.879473751206489
-0.062094503552463806,-0.08005243946197474,0.12662647202923671,1.932178545103357
-0.27755718403020196,-0.3894036514852006,0.010023900401056052,1.775501812799116
-0.3759687316319806,-0.6565569356498009,-0.21433182983015464,1.4264219093289163
-0.3158271287641523,-0.8525620883062309,-0.451825648683289,0.9227670587665404
-0.12249523091630653,-0.9561789098308635,-0.6023019048285927,0.3191160791806374
0.12249523091630636,-0.9561789098308636,-0.6023019048285928,-0.3191160791806369
0.31582712876415225,-0.852562088306231,-0.4518256486832891,-0.9227670587665401
0.37596873163198063,-0.6565569356498013,-0.21433182983015525,-1.4264219093289152
0.2775571840302023,-0.38940365148520123,0.010023900401055719,-1.7755018127991156
0.06209450355246416,-0.0800524394619752,0.12662647202923671,-1.932178545103357
-0.17955460770198686,0.23797369651853642,0.0863023673412101,-1.8794737512064892
-0.34548213272529515,0.5302116899389072,-0.09394297331589618,-1.623098813326376
-0.36571328471039716,0.7649930196723619,-0.33809666851281994,-1.1908359340493648
-0.23171620285348668,0.9168754856345991,-0.5431944706531397,-0.6295275035947596
-1.8480275661664898e-16,0.9694002659393304,-0.6227427435703995,-4.748691731100775e-16
0.0,0.9965844930066698,-0.4587103272638339,0.0
0.3324669982421831,0.9425867962971939,-0.3445742626016931,0.6471809117937686
0.5247263527006526,0.7864451944678301,-0.05029941352358924,1.224229729748168
0.4956986442856264,0.5450800528633708,0.30001293042235333,1.6686142606028826
0.25762540861666905,0.24464702974270877,0.5586294044429411,1.932178545103357
-0.08909335190720173,-0.08229729514036689,0.6164865325908101,1.9863613034027223
-0.39823975483243157,-0.4003234311208783,0.449184865727866,1.825290992907124
-0.5394408940735184,-0.6749683116813995,0.12727869235781808,1.4664220810221351
-0.4531495690444129,-0.8764699024587929,-0.21347804404140489,0.9486435827753966
-0.1757564694234101,-0.9829923794730001,-0.4293817597560276,0.32806483261313174
0.17575646942340986,-0.9829923794730002,-0.42938175975602766,-0.32806483261313124
0.4531495690444128,-0.876469902458793,-0.21347804404140508,-0.9486435827753963
0.5394408940735184,-0.6749683116814,0.1272786923578172,-1.466422081022134
0.3982397548324321,-0.4003234311208789,0.44918486572786553,-1.8252909929071235
0.08909335190720225,-0.08229729514036736,0.6164865325908101,-1.9863613034027223
-0.2576254086166686,0.24464702974270833,0.5586294044429413,-1.9321785451033573
-0.49569864428562604,0.5450800528633704,0.3000129304223538,-1.668614260602883
-0.524726352700653,0.7864451944678295,-0.05029941352358791,-1.22422972974817
-0.3324669982421834,0.9425867962971939,-0.3445742626016929,-0.6471809117937691
-2.651554660511457e-16,0.9965844930066698,-0.4587103272638339,-4.881856037762025e-16
0.0,0.9157733266550576,-0.2991522876735154,0.0
0.43046957457039803,0.8661542018399009,-0.15137189606165002,0.5947022261534088
0.6794019587122656,0.7226738294882021,0.22964748258098744,1.1249592383472884
0.6418176409958117,0.5008805342716315,0.6832227440730185,1.5333094615251495
0.33356664159778737,0.2248090612044671,1.018072591237229,1.7755018127991162
-0.11535574205956732,-0.075623961916195,1.0929844876701371,1.8252909929071242
-0.5156304196991591,-0.3678619553365657,0.8763666647277563,1.6772815716257414
-0.6984539620637741,-0.6202363979298704,0.4595709700126721,1.3475126663536048
-0.5867262111267131,-0.8053986028481689,0.01836805927168217,0.8717198548687264
-0.22756488018572646,-0.9032833721009296,-0.2611784254718663,0.30146267098162804
0.22756488018572613,-0.9032833721009297,-0.2611784254718664,-0.3014626709816276
0.5867262111267129,-0.805398602848169,0.01836805927168189,-0.871719854868726
0.6984539620637742,-0.620236397929871,0.4595709700126711,-1.3475126663536037
0.5156304196991597,-0.36786195533656624,0.8763666647277558,-1.6772815716257412
0.11535574205956797,-0.07562396191619543,1.0929844876701371,-1.8252909929071242
-0.3335666415977868,0.22480906120446667,1.018072591237229,-1.7755018127991165
-0.6418176409958114,0.500880534271631,0.6832227440730192,-1.53330946152515
-0.679401958712266,0.7226738294882015,0.22964748258098922,-1.1249592383472902
-0.43046957457039836,0.8661542018399009,-0.15137189606164977,-0.5947022261534093
-3.433163630361498e-16,0.9157733266550576,-0.2991522876735154,-4.485995492930559e-16
0.0,0.7357239106731317,-0.16135921418712953,0.0
0.5151038320263177,0.6958603598460655,0.015476154708780498,0.4777783265535196
0.8129786007945656,0.5805895416437019,0.4714074297843258,0.9037819579303902
0.7680048622924641,0.4024028378292984,1.0141597382141418,1.2318467905435215
0.39914889570219864,0.1806095426127276,1.4148441294393437,1.426421909328916
-0.13803573653358203,-0.06075559899173187,1.504484390206807,1.466422081022135
-0.617008078588233,-0.29553692872518683,1.2452775210705285,1.3475126663536043
-0.8357764023440347,-0.4982922465033348,0.7465359788045707,1.0825793454723327
-0.7020819531862805,-0.6470498675720069,0.21858853849904694,0.7003317545598358
-0.2723062180068379,-0.7256895954760982,-0.11591934318944089,0.24219235127396696
0.2723062180068375,-0.7256895954760983,-0.11591934318944103,-0.24219235127396657
0.7020819531862802,-0.647049867572007,0.21858853849904672,-0.7003317545598355
0.8357764023440347,-0.49829224650333526,0.7465359788045693,-1.0825793454723318
0.6170080785882338,-0.29553692872518733,1.2452775210705278,-1.3475126663536041
0.1380357365335828,-0.06075559899173222,1.504484390206807,-1.466422081022135
-0.3991488957021979,0.18060954261272727,1.4148441294393441,-1.426421909328916
-0.7680048622924637,0.4024028378292981,1.0141597382141425,-1.231846790543522
-0.8129786007945663,0.5805895416437015,0.4714074297843279,-0.9037819579303916
-0.5151038320263182,0.6958603598460655,0.015476154708780776,-0.47777832655352004
-4.1081550159206114e-16,0.7357239106731317,-0.16135921418712953,-3.604007729048096e-16
0.0,0.4759473930370737,-0.060263124396755505,0.0
0.5771983355787816,0.45015925047693284,0.1378893144943692,0.30907973177698134
0.9109811771227807,0.3755893681871619,0.648781986514854,0.5846658787497531
0.8605859647516133,0.2603185499847983,1.256961754513989,0.7968944057341569
0.44726531608416903,0.11683817763309946,1.70594766634034,0.9227670587665404
-0.15467560601161293,-0.03930342419626442,1.8063938406821072,0.9486435827753966
-0.691386889122569,-0.19118589015850096,1.5159402192297182,0.8717198548687263
-0.9365271977327314,-0.32235039836732343,0.9570766073100199,0.7003317545598359
-0.7867162106422002,-0.41858323913126433,0.3654863979755705,0.45305184187757336
-0.3051320647004414,-0.4694560909471758,-0.009345588400944092,0.15667673230424126
0.30513206470044096,-0.46945609094717583,-0.009345588400944238,-0.156676732304241
0.7867162106422,-0.4185832391312644,0.36548639797557014,-0.4530518418775732
0.9365271977327313,-0.3223503983673237,0.9570766073100183,-0.7003317545598353
0.6913868891225698,-0.19118589015850126,1.5159402192297176,-0.871719854868726
0.15467560601161381,-0.03930342419626464,1.8063938406821072,-0.9486435827753966
-0.4472653160841683,0.11683817763309925,1.7059476663403403,-0.9227670587665405
-0.8605859647516129,0.2603185499847981,1.2569617545139897,-0.7968944057341572
-0.9109811771227814,0.37558936818716154,0.6487819865148562,-0.5846658787497541
-0.5771983355787821,0.45015925047693284,0.13788931449436959,-0.3090797317769816
-4.603383026992991e-16,0.4759473930370737,-0.060263124396755505,-2.331469805781518e-16
0.0,0.16459459028073403,-0.006819348298638825,0.0
0.6100241822723851,0.15567640137816996,0.202602217996468,0.10688755219623339
0.9627895878850969,0.12988825881802915,0.7425498673009974,0.20219217958074817
0.9095283493779937,0.09002470799096302,1.3853174270450137,0.27558614697277184
0.4727017419921247,0.04040558317580625,1.8598376167802237,0.3191160791806374
-0.1634721624415377,-0.013592113533669719,1.9659962655292422,0.32806483261313174
-0.7307067530746146,-0.06611689383840094,1.6590242560952984,0.301462670981628
-0.9897884362398349,-0.11147688278643043,1.068377511556006,0.242192351273967
-0.8314575484633117,-0.14475662174249226,0.4431429752718315,0.15667673230424126
-0.32248523043179383,-0.16234973460234187,0.04699391890010225,0.05418275829936541
0.3224852304317934,-0.1623497346023419,0.046993918900102086,-0.05418275829936533
0.8314575484633114,-0.1447566217424923,0.4431429752718312,-0.1566767323042412
0.989788436239835,-0.11147688278643053,1.0683775115560041,-0.2421923512739668
0.7307067530746154,-0.06611689383840104,1.6590242560952975,-0.30146267098162793
0.16347216244153864,-0.013592113533669797,1.9659962655292422,-0.32806483261313174
-0.4727017419921239,0.04040558317580618,1.8598376167802242,-0.31911607918063745
-0.9095283493779932,0.09002470799096293,1.3853174270450144,-0.2755861469727719
-0.9627895878850977,0.12988825881802904,0.7425498673009998,-0.2021921795807485
-0.6100241822723856,0.15567640137816996,0.20260221799646833,-0.10688755219623347
-4.865182024324617e-16,0.16459459028073403,-0.006819348298638825,-8.06280952577084e-17
0.0,-0.16459459028073378,-0.006819348298638804,-0.0
0.6100241822723851,-0.1556764013781697,0.202602217996468,-0.10688755219623322
0.9627895878850969,-0.12988825881802896,0.7425498673009974,-0.20219217958074787
0.9095283493779937,-0.09002470799096288,1.3853174270450137,-0.2755861469727714
0.4727017419921247,-0.04040558317580619,1.8598376167802237,-0.3191160791806369
-0.1634721624415377,0.013592113533669698,1.9659962655292422,-0.32806483261313124
-0.7307067530746146,0.06611689383840084,1.6590242560952984,-0.30146267098162755
-0.9897884362398349,0.11147688278643027,1.068377511556006,-0.24219235127396663
-0.8314575484633117,0.14475662174249204,0.44314297527183155,-0.156676732304241
-0.32248523043179383,0.16234973460234162,0.04699391890010227,-0.05418275829936533
0.3224852304317934,0.16234973460234164,0.04699391890010211,0.054182758299365245
0.8314575484633114,0.14475662174249207,0.4431429752718313,0.15667673230424095
0.989788436239835,0.11147688278643036,1.0683775115560041,0.24219235127396643
0.7307067530746154,0.06611689383840094,1.6590242560952975,0.3014626709816275
0.16347216244153864,0.013592113533669776,1.9659962655292422,0.32806483261313124
-0.4727017419921239,-0.04040558317580612,1.8598376167802242,0.31911607918063695
-0.9095283493779932,-0.0900247079909628,1.3853174270450144,0.2755861469727715
-0.9627895878850977,-0.12988825881802885,0.7425498673009998,0.2021921795807482
-0.6100241822723856,-0.1556764013781697,0.20260221799646835,0.1068875521962333
-4.865182024324617e-16,-0.16459459028073378,-0.006819348298638804,8.062809525770827e-17
0.0,-0.47594739303707345,-0.06026312439675545,-0.0
0.5771983355787816,-0.45015925047693267,0.13788931449436925,-0.3090797317769812
0.9109811771227807,-0.3755893681871617,0.6487819865148541,-0.5846658787497528
0.8605859647516133,-0.2603185499847982,1.256961754513989,-0.7968944057341566
0.44726531608416903,-0.11683817763309941,1.70594766634034,-0.92276705876654
-0.15467560601161293,0.0393034241962644,1.8063938406821072,-0.9486435827753962
-0.691386889122569,0.19118589015850088,1.5159402192297182,-0.8717198548687258
-0.9365271977327314,0.3223503983673233,0.95707660731002,-0.7003317545598355
-0.7867162106422002,0.41858323913126416,0.36548639797557053,-0.45305184187757314
-0.3051320647004414,0.46945609094717555,-0.009345588400944037,-0.15667673230424117
0.30513206470044096,0.4694560909471756,-0.009345588400944183,0.15667673230424095
0.7867162106422,0.4185832391312642,0.3654863979755702,0.453051841877573
0.9365271977327313,0.3223503983673236,0.9570766073100184,0.7003317545598351
0.6913868891225698,0.19118589015850118,1.5159402192297176,0.8717198548687256
0.15467560601161381,0.039303424196264626,1.8063938406821072,0.9486435827753962
-0.4472653160841683,-0.1168381776330992,1.7059476663403403,0.9227670587665401
-0.8605859647516129,-0.260318549984798,1.2569617545139897,0.7968944057341568
-0.9109811771227814,-0.3755893681871614,0.6487819865148563,0.5846658787497537
-0.5771983355787821,-0.45015925047693267,0.13788931449436964,0.30907973177698145
-4.603383026992991e-16,-0.47594739303707345,-0.06026312439675545,2.331469805781517e-16
0.0,-0.7357239106731314,-0.1613592141871293,-0.0
0.5151038320263179,-0.6958603598460652,0.015476154708780748,-0.4777783265535194
0.8129786007945659,-0.5805895416437017,0.47140742978432626,-0.9037819579303897
0.7680048622924643,-0.40240283782929825,1.0141597382141425,-1.231846790543521
0.39914889570219875,-0.18060954261272752,1.4148441294393443,-1.4264219093289154
-0.13803573653358206,0.06075559899173184,1.5044843902068077,-1.4664220810221342
-0.6170080785882331,0.2955369287251867,1.245277521070529,-1.3475126663536037
-0.8357764023440348,0.4982922465033346,0.7465359788045712,-1.0825793454723323
-0.7020819531862806,0.6470498675720067,0.21858853849904727,-0.7003317545598354
-0.272306218006838,0.7256895954760979,-0.11591934318944067,-0.24219235127396685
0.2723062180068376,0.725689595476098,-0.1159193431894408,0.24219235127396646
0.7020819531862804,0.6470498675720068,0.218588538499047,0.7003317545598352
0.835776402344035,0.49829224650333503,0.7465359788045699,1.0825793454723314
0.6170080785882339,0.29553692872518716,1.2452775210705285,1.3475126663536034
0.13803573653358286,0.06075559899173219,1.5044843902068077,1.4664220810221342
-0.399148895702198,-0.1806095426127272,1.4148441294393448,1.4264219093289154
-0.7680048622924639,-0.4024028378292979,1.014159738214143,1.2318467905435213
-0.8129786007945665,-0.5805895416437011,0.47140742978432826,0.9037819579303912
-0.5151038320263184,-0.6958603598460652,0.015476154708781054,0.4777783265535198
-4.1081550159206124e-16,-0.7357239106731314,-0.1613592141871293,3.604007729048094e-16
0.0,-0.9157733266550573,-0.2991522876735151,-0.0
0.43046957457039814,-0.8661542018399006,-0.15137189606164964,-0.5947022261534086
0.6794019587122657,-0.7226738294882018,0.229647482580988,-1.124959238347288
0.641817640995812,-0.5008805342716313,0.6832227440730193,-1.533309461525149
0.3335666415977875,-0.224809061204467,1.0180725912372297,-1.7755018127991156
-0.11535574205956736,0.07562396191619497,1.0929844876701376,-1.8252909929071235
-0.5156304196991592,0.36786195533656557,0.876366664727757,-1.677281571625741
-0.6984539620637743,0.6202363979298702,0.4595709700126728,-1.3475126663536043
-0.5867262111267132,0.8053986028481686,0.018368059271682557,-0.871719854868726
-0.22756488018572654,0.9032833721009293,-0.261178425471866,-0.30146267098162793
0.2275648801857262,0.9032833721009293,-0.2611784254718661,0.3014626709816275
0.5867262111267131,0.8053986028481687,0.018368059271682335,0.8717198548687257
0.6984539620637744,0.6202363979298707,0.45957097001267155,1.3475126663536032
0.5156304196991599,0.3678619553365661,0.8763666647277564,1.6772815716257405
0.11535574205956801,0.0756239619161954,1.0929844876701376,1.8252909929071235
-0.33356664159778693,-0.2248090612044666,1.01807259123723,1.7755018127991158
-0.6418176409958116,-0.5008805342716309,0.6832227440730197,1.5333094615251492
-0.6794019587122664,-0.7226738294882012,0.22964748258098966,1.12495923834729
-0.4304695745703985,-0.8661542018399006,-0.15137189606164939,0.5947022261534091
-3.433163630361499e-16,-0.9157733266550573,-0.2991522876735151,4.485995492930558e-16
0.0,-0.9965844930066698,-0.45871032726383354,-0.0
0.33246699824218323,-0.9425867962971939,-0.34457426260169266,-0.6471809117937686
0.5247263527006529,-0.7864451944678301,-0.05029941352358863,-1.224229729748168
0.49569864428562666,-0.5450800528633708,0.3000129304223541,-1.6686142606028826
0.2576254086166692,-0.24464702974270877,0.5586294044429418,-1.932178545103357
-0.08909335190720179,0.08229729514036689,0.6164865325908111,-1.9863613034027223
-0.3982397548324318,0.4003234311208783,0.449184865727867,-1.825290992907124
-0.5394408940735187,0.6749683116813995,0.12727869235781875,-1.4664220810221351
-0.45314956904441317,0.8764699024587929,-0.21347804404140439,-0.9486435827753966
-0.17575646942341022,0.9829923794730001,-0.4293817597560272,-0.32806483261313174
0.17575646942340997,0.9829923794730002,-0.4293817597560273,0.32806483261313124
0.45314956904441306,0.876469902458793,-0.21347804404140458,0.9486435827753963
0.5394408940735187,0.6749683116814,0.12727869235781797,1.466422081022134
0.3982397548324323,0.4003234311208789,0.44918486572786653,1.8252909929071235
0.0890933519072023,0.08229729514036736,0.6164865325908111,1.9863613034027223
-0.25762540861666877,-0.24464702974270833,0.5586294044429423,1.9321785451033573
-0.4956986442856264,-0.5450800528633704,0.30001293042235455,1.668614260602883
-0.5247263527006533,-0.7864451944678295,-0.0502994135235873,1.22422972974817
-0.33246699824218356,-0.9425867962971939,-0.3445742626016925,0.6471809117937691
-2.6515546605114585e-16,-0.9965844930066698,-0.45871032726383354,4.881856037762025e-16
0.0,-0.9694002659393304,-0.6227427435703994,-0.0
0.23171620285348657,-0.9168754856345991,-0.5431944706531397,-0.6295275035947591
0.36571328471039694,-0.7649930196723626,-0.33809666851282066,-1.190835934049363
0.34548213272529543,-0.5302116899389077,-0.0939429733158963,-1.6230988133263757
0.1795546077019872,-0.23797369651853684,0.08630236734121033,-1.879473751206489
-0.06209450355246383,0.08005243946197474,0.12662647202923705,-1.932178545103357
-0.2775571840302021,0.3894036514852006,0.010023900401056385,-1.775501812799116
-0.3759687316319807,0.6565569356498009,-0.21433182983015436,-1.4264219093289163
-0.3158271287641524,0.8525620883062309,-0.45182564868328884,-0.9227670587665404
-0.12249523091630657,0.9561789098308635,-0.6023019048285926,-0.3191160791806374
0.1224952309163064,0.9561789098308636,-0.6023019048285927,0.3191160791806369
0.3158271287641523,0.852562088306231,-0.451825648683289,0.9227670587665401
0.3759687316319807,0.6565569356498013,-0.21433182983015497,1.4264219093289152
0.2775571840302024,0.38940365148520123,0.010023900401056052,1.7755018127991156
0.06209450355246418,0.0800524394619752,0.12662647202923705,1.932178545103357
-0.1795546077019869,-0.23797369651853642,0.08630236734121044,1.8794737512064892
-0.34548213272529527,-0.5302116899389072,-0.09394297331589607,1.623098813326376
-0.3657132847103972,-0.7649930196723619,-0.3380966685128198,1.1908359340493648
-0.23171620285348676,-0.9168754856345991,-0.5431944706531395,0.6295275035947596
-1.8480275661664903e-16,-0.9694002659393304,-0.6227427435703994,4.748691731100775e-16
0.0,-0.8371664782625287,-0.7734740790612132,-0.0
0.13913510039433738,-0.7918064893144992,-0.7257089387635479,-0.5436550222555945
0.21959428800021155,-0.6606419811056767,-0.6025569841741027,-1.028396587172967
0.20744639619171326,-0.4578866633275289,-0.4559537321160157,-1.4016954246529696
0.10781442152613778,-0.20551222073422415,-0.3477245566888873,-1.6230988133263757
-0.03728494114488549,0.0691326598262971,-0.3235117554907429,-1.6686142606028829
-0.1666605364219167,0.33628594399089723,-0.39352632637503665,-1.5333094615251495
-0.2257522200716497,0.5669974281100321,-0.5282417958387842,-1.231846790543522
-0.18963990746750004,0.7362659430218716,-0.6708460933468824,-0.796894405734157
-0.07355284628992619,0.8257486186640945,-0.7612002798384458,-0.2755861469727719
0.07355284628992609,0.8257486186640947,-0.7612002798384458,0.27558614697277145
0.1896399074675,0.7362659430218718,-0.6708460933468825,0.7968944057341567
0.2257522200716497,0.5669974281100325,-0.5282417958387845,1.231846790543521
0.16666053642191692,0.33628594399089773,-0.3935263263750369,1.5333094615251492
0.0372849411448857,0.06913265982629749,-0.3235117554907429,1.6686142606028829
-0.1078144215261376,-0.2055122207342238,-0.34772455668888724,1.623098813326376
-0.20744639619171315,-0.45788666332752853,-0.45595373211601553,1.4016954246529698
-0.2195942880002117,-0.6606419811056762,-0.6025569841741022,1.0283965871729688
-0.1391351003943375,-0.7918064893144992,-0.7257089387635478,0.5436550222555949
-1.109656976006366e-16,-0.8371664782625287,-0.7734740790612132,4.100932991830672e-16
0.0,-0.6142127126896688,-0.8945702546981965,-0.0
0.06475628986000152,-0.580932973733607,-0.8723393923093903,-0.39886908357820844
0.10220362313348426,-0.48470013296966596,-0.8150219817809365,-0.7545145128592021
0.0965497485834281,-0.33594251190099383,-0.7467898630863306,-1.0283965871729686
0.05017901242495608,-0.15078030698269512,-0.6964178158070711,-1.1908359340493648
-0.017353165731352475,0.05072128379469852,-0.6851486884030888,-1.22422972974817
-0.07756718451471512,0.2467264364511287,-0.7177348858022858,-1.1249592383472902
-0.10506964926942025,0.41599495136296855,-0.7804341900360552,-0.9037819579303917
-0.08826224857842628,0.5401839584678965,-0.846805114400531,-0.5846658787497541
-0.03423298233788062,0.6058356518551036,-0.8888577802909452,-0.2021921795807485
0.03423298233788057,0.6058356518551036,-0.8888577802909452,0.2021921795807482
0.08826224857842625,0.5401839584678966,-0.846805114400531,0.5846658787497538
0.10506964926942025,0.4159949513629689,-0.7804341900360554,0.9037819579303911
0.07756718451471521,0.2467264364511291,-0.7177348858022858,1.12495923834729
0.017353165731352576,0.05072128379469881,-0.6851486884030888,1.22422972974817
-0.050179012424955996,-0.15078030698269484,-0.6964178158070711,1.190835934049365
-0.09654974858342805,-0.33594251190099356,-0.7467898630863304,1.028396587172969
-0.10220362313348433,-0.4847001329696656,-0.8150219817809363,0.7545145128592033
-0.06475628986000158,-0.580932973733607,-0.8723393923093902,0.39886908357820877
-5.1645680047509777e-17,-0.6142127126896688,-0.8945702546981965,3.008774530364063e-16
0.0,-0.32469946920468373,-0.9729086208503173,-0.0
0.01663986947803092,-0.30710635634483413,-0.967196146443066,-0.21085949060360654
0.026262390152365644,-0.25623350452892274,-0.9524677821085105,-0.3988690835782081
0.0248095624075784,-0.17759377662483147,-0.9349347586486682,-0.5436550222555948
0.012894071280070418,-0.07970900737207072,-0.9219910848545059,-0.6295275035947596
-0.004459094451282039,0.02681346964213649,-0.9190953536515762,-0.6471809117937691
-0.019931775413533092,0.13043029116676916,-0.9274687498526286,-0.5947022261534093
-0.026998848354738005,0.21991296680899206,-0.9435800533425109,-0.4777783265535201
-0.02267999447401477,0.285564660196199,-0.9606348216275499,-0.3090797317769816
-0.00879655642992481,0.32027099165890394,-0.9714407352018536,-0.10688755219623347
0.008796556429924798,0.320270991658904,-0.9714407352018536,0.1068875521962333
0.022679994474014763,0.2855646601961991,-0.9606348216275499,0.3090797317769815
0.026998848354738005,0.21991296680899222,-0.943580053342511,0.47777832655351976
0.019931775413533116,0.13043029116676935,-0.9274687498526286,0.5947022261534091
0.004459094451282064,0.026813469642136645,-0.9190953536515762,0.6471809117937691
-0.012894071280070397,-0.07970900737207058,-0.9219910848545059,0.6295275035947597
-0.024809562407578385,-0.17759377662483133,-0.9349347586486682,0.543655022255595
-0.02626239015236567,-0.2562335045289225,-0.9524677821085105,0.39886908357820877
-0.016639869478030932,-0.30710635634483413,-0.967196146443066,0.21085949060360673
-1.3270948304058508e-17,-0.32469946920468373,-0.9729086208503173,1.5905686625854421e-16
0.0,-2.4492935982947064e-16,-1.0,-0.0
9.21171524491606e-33,-2.3165841152541214e-16,-1.0,-1.5905686625854407e-16
1.453867532157517e-32,-1.9328367978196105e-16,-1.0,-3.0087745303640583e-16
1.3734400053517156e-32,-1.3396366222883414e-16,-1.0,-4.1009329918306716e-16
7.138067587397593e-33,-6.01266032128217e-17,-1.0,-4.748691731100775e-16
-2.468523469467508e-33,2.0226106221675037e-17,-1.0,-4.881856037762025e-16
-1.1034091323702673e-32,9.838700320667912e-17,-1.0,-4.485995492930559e-16
-1.4946373426358606e-32,1.6588614176259048e-16,-1.0,-3.6040077290480965e-16
-1.2555486154908027e-32,2.1540894286982847e-16,-1.0,-2.331469805781518e-16
-4.86971205364837e-33,2.4158884260299103e-16,-1.0,-8.06280952577084e-17
4.869712053648363e-33,2.4158884260299108e-16,-1.0,8.062809525770827e-17
1.2555486154908024e-32,2.154089428698285e-16,-1.0,2.331469805781517e-16
1.4946373426358609e-32,1.6588614176259062e-16,-1.0,3.6040077290480936e-16
1.1034091323702688e-32,9.838700320667927e-17,-1.0,4.485995492930558e-16
2.4685234694675223e-33,2.0226106221675154e-17,-1.0,4.881856037762025e-16
-7.13806758739758e-33,-6.012660321282159e-17,-1.0,4.748691731100776e-16
-1.3734400053517148e-32,-1.3396366222883404e-16,-1.0,4.1009329918306725e-16
-1.4538675321575182e-32,-1.9328367978196088e-16,-1.0,3.008774530364063e-16
-9.211715244916069e-33,-2.3165841152541214e-16,-1.0,1.5905686625854421e-16
-7.346704069307096e-48,-2.4492935982947064e-16,-1.0,1.199807826129486e-31
