1.1547374378934483,0.4147384166499685,1.121985409397243,0.43496219081898635
1.1775045005640583,0.33257432909688106,0.8420377333033382,0.7101838369733117
0.9828032203685301,0.45864791156413265,0.7684663872066646,1.0282791752212084
1.1794004803299083,0.4267480584645309,0.3366053645355346,1.0393419695298924
1.109146327851506,0.4830043227003494,0.02937321303795829,1.112360889142937
0.9754416175450059,0.48398895685702026,-0.14883751363346595,1.1919390880060103
1.0206810710119156,0.46864968394290685,-0.5055816986032724,0.8195914438535832
1.0877768960963996,0.31741795339155476,-0.645563988726004,0.831024835827632
1.190433225153728,0.3262185191544602,-0.7637736505192738,0.35631870515554154
1.1922786500949727,0.3889169281700714,-0.854203567136281,0.16678007501001885
0.9904597867145406,0.44173306454847905,-0.7660484342982092,-0.1624070907052178
1.1937047117353075,0.472628421314214,-0.7503102656879714,-0.4190071481911942
1.19034825335589,0.4109217936352355,-0.4040458668684602,-0.7187614820762821
1.072400428475864,0.5140123000704325,-0.06636736310329394,-0.7959869095273822
1.1511266335173536,0.4886067301764183,0.2167325729379788,-0.7972122787249287
0.9865281009519573,0.5511793269327208,0.3305756268408213,-0.9462421469416182
1.0564968369517223,0.441850471016366,0.6793944063722727,-0.7880486173042226
1.1799903975924204,0.3903034148300874,0.9013166954574519,-0.3440848354962508
1.1491083486850422,0.33542429520720285,1.1223136344605558,-0.1461796112711093
1.1909296228933792,0.46175665906149754,1.1494854088459723,0.05780945404108782
0.9729521691640941,0.7824858127484963,1.1483975022056299,0.4098897801560949
0.8179449140184949,0.6936484820331577,0.9009302239844167,0.6182903818555056
1.0212993208421417,0.610491073739333,0.6392922171687718,0.8761266997242683
1.042515306314335,0.6544031249872413,0.3306836312238305,1.0155180588233046
0.9787007830893908,0.6261994316902998,0.19298347927477688,1.0829163096856573
0.9984520270195308,0.6580365779259408,-0.25759836400875735,0.9891150195108902
0.9948001114061765,0.6978065370429034,-0.4907173445305226,0.8960189093039759
0.9070737492584895,0.7195709377326363,-0.6710723613856404,0.6181998658694048
0.9728864669193367,0.7021413437143916,-0.8938182032893786,0.5300552588123626
0.851813666327838,0.8066281519435193,-0.8395148449002032,0.023569597516036638
0.9855285163798496,0.7172982793827491,-0.8299364231956086,-0.07650683784807502
0.8169752059693026,0.82369090842957,-0.7710556130958808,-0.48803026003383415
0.87824774061517,0.7472125268105166,-0.3923022606454728,-0.7971666288676597
0.8205598420327359,0.8272087372528689,-0.28386541378434216,-0.8654631405049686
0.8332999396839094,0.6479620111625132,0.07351658343965693,-0.816008460279959
1.0148814514567706,0.7568158282584111,0.36836024930134204,-0.7523859769617023
0.9827241501189017,0.6600513952110924,0.720503316549455,-0.6727905198137797
0.8882918643901626,0.7557372936460269,0.8318916772098004,-0.41622938654646313
1.0465725065845362,0.7615703771804074,1.0523853712653013,-0.08560882039154721
0.8176285145006746,0.6047834444099758,1.0262115617789391,0.013697947479932865
0.6974713422065727,0.8727145335241988,0.9791275068341602,0.38493233930420134
0.6831748665657252,0.8650270020810021,1.0051239670609255,0.5993331413753601
0.7791644493297237,0.9759751761283766,0.6606778317692059,0.857886185283397
0.7865852275767389,1.0201150335067486,0.45990035406266916,1.1310979669242849
0.6345034034310678,0.895132597200208,0.24110566680397538,1.1804383183748242
0.7102263512395309,1.004146907557787,-0.2008957458823571,1.1705062840830354
0.699181802470198,0.9778500108116973,-0.41409720363798797,0.9546252354968
0.7493635048202894,0.8106958229545669,-0.6194921755525838,0.6054563361391357
0.7651264600069912,0.9595596162703963,-0.8428959347583784,0.5397031369222205
0.7764569227880633,0.9057097930051936,-0.8361254900491156,0.20009302308777688
0.6567915215421177,1.0380148054078038,-0.9236177536143908,-0.23753028026985648
0.7577109215058918,0.8093047586572243,-0.5755770322786143,-0.4518694440821326
0.7515597532859333,0.9246292841855296,-0.5409200506870516,-0.5628229351322949
0.6284381860911308,0.9151042543287913,-0.24247228464803786,-0.7721369995134981
0.6175346726820673,0.9242460858821885,0.19945756505289908,-0.7902576006675
0.7123762652880089,1.0015569265270998,0.43091793823342817,-0.8427413760431666
0.8277212419214934,0.8896349461716421,0.7800248183071902,-0.6913608154733124
0.6728816839590064,1.0052018180651328,0.9080186806794162,-0.44760689953133437
0.7341021900374175,0.9268562828026004,1.0192912148260762,-0.24174410849219824
0.6437382371652574,0.8179576776922269,1.0093086585175821,0.18725461691048628
0.49683375920136064,0.9950251202160363,1.119380244822317,0.4349889377400695
0.37279077323976473,1.131496024642929,0.9164081091879107,0.7494876688606682
0.43550625729123305,1.0694280145364836,0.700720061018657,0.8859533898826826
0.4837861750391189,0.9892368164047115,0.46148128669750144,0.9857376753146897
0.531742807508897,1.0363376680574308,0.014850824214569352,1.1188932334493908
0.5488398506763086,1.1029038197372403,-0.23006413479023083,1.0416713364998402
0.4458208768658982,0.998992830160603,-0.39460471957673937,1.0060453514745842
0.34367310508211724,1.1356632262893889,-0.6349087471234236,0.7828592075035007
0.3463404957647118,1.0117689158746959,-0.9197234710178586,0.47614504793833373
0.37339405790588154,1.1804126018074992,-0.9674621374026441,0.033375964915328196
0.5191963083708631,1.018321912966658,-0.9279684316153533,-0.30362802257407306
0.3725875391178302,1.142431520450513,-0.8070619209826138,-0.4478250758243456
0.5125882008921515,0.9982220104930263,-0.4820079060014316,-0.733812239857575
0.3698982365561948,1.0229310595616863,-0.14512370064046898,-0.716204087826789
0.5413329001717544,0.9738348822167873,0.1807306311730059,-0.7547740909882852
0.39651293587114966,1.0951088614609052,0.44181931777055694,-0.8794014190715889
0.35816580698274947,1.1218973271188168,0.6149897368607342,-0.6088119226370639
0.3717879588689552,1.0877047949427343,0.9669585877570696,-0.3637574144343224
0.46302816341160724,1.0574887267629505,0.9826814826274792,-0.15963535017049021
0.42733920660062974,1.1121672116529877,1.0335758260783936,0.2210041839309547
0.08791487676574924,1.161904407543171,0.975705039472903,0.5449498796738952
0.20770715697407277,1.1697541885233005,0.8445238064829296,0.7250747741474488
0.14631602278818112,1.1589466776285209,0.629848076915355,0.9911137005235366
0.13743090207278494,1.2362935282773504,0.3580792249391863,1.095246090759656
0.22929841595745257,1.0522337306065057,0.0793699437873589,1.006464367770785
0.07145975470509344,1.1773204256776362,-0.2299097445883746,1.0626892608663572
0.18930005727768037,1.0590576442484492,-0.5333944249367679,0.9705924837126113
0.1884322735696239,1.0298490619493263,-0.7462565328710133,0.7180859904605779
0.09511146174383922,1.1518259851714086,-0.7278259149736592,0.40209515956982556
0.14195541018130534,1.112534424241474,-0.8241941938609272,0.23428366658539068
0.018963572390765966,1.114681373412217,-0.812122030615307,-0.10163378824331856
0.013487529666651848,1.165486187976413,-0.7629085774355342,-0.37551388230385924
0.13269938825224323,1.1925713787009151,-0.5347775416593931,-0.7158834344000624
0.19479180752550285,1.0875545033602763,-0.2896802923467784,-0.802760372490531
0.2335026710572958,1.1655023995897835,0.22845010269489177,-0.7818618588381103
0.032476552118432596,1.1040396474924492,0.4856957987991799,-0.7176811141683773
0.14220591521804823,1.2104822881728272,0.7272324939811919,-0.6419009257846037
0.11734766026455151,1.208229204768804,0.8873742418590952,-0.5360911378086971
0.0029755173753104104,1.0641102480572868,0.9926074070206912,-0.1455543463593006
0.08428066109972043,1.1533651842032189,1.1556243148199739,0.018012887805162223
-0.26847141732663665,1.0966188074269605,1.1980402000332773,0.41069872314728834
-0.1104458592039706,1.086241350576256,0.8516250001391683,0.7545181355943478
-0.23121323386374612,1.1685417743846556,0.6522333149354764,1.04244840926143
-0.17688371049839416,1.017251272914061,0.40821682403323334,1.1537940243547198
-0.2676048120000021,1.0305750351654184,0.018498692394234552,1.1211370679587476
-0.1585215090245382,0.9808601515587014,-0.1379929776344451,1.1402438188115318
-0.24327417323991127,1.1860138838813838,-0.48718816911843255,0.9132788578106392
-0.14549721975575178,1.1124444850382846,-0.5633081940264596,0.8307317505397968
-0.1367133685899454,1.0709223225323756,-0.8505105199895324,0.5560106696826554
-0.12197909616901997,1.1108857565551808,-0.8448320132001054,0.2160368822578008
-0.1963815947493229,1.0872355439268444,-0.9124640649253355,-0.21179605039684016
-0.2880616498757142,1.1128843863684357,-0.7136806932638294,-0.4740997952826951
-0.25177275219574263,1.0870279997950634,-0.547501759330133,-0.7473451949654275
-0.08068265399952995,1.1313181714401064,-0.11948888654309292,-0.7549507430391093
-0.2709224896326416,1.0816803427394293,0.2177777804788471,-0.7792905986042369
-0.10256275000256049,1.1994826723253667,0.3967111805964204,-0.7226285959718991
-0.17443138555993307,1.005725674395062,0.7591691794793572,-0.6694457634693788
-0.059983315218225974,0.9775060846077107,0.8825541528169097,-0.43806822660592204
-0.2894731121866514,0.9784808824259522,1.0837138422593748,-0.2717978142905604
-0.19834742693108576,0.96695435903893,1.208105846571296,0.22492837113393438
-0.561122059747327,0.9101619933393539,1.1004290642632983,0.4216153895379763
-0.3473107320787096,0.9211102223915713,0.892844827051259,0.639203337158464
-0.5866266962589561,0.9004710385844903,0.6625915081257499,1.0339297420022175
-0.39405763611459743,0.9998931545871508,0.4221651297672785,1.1417029011384603
-0.3834594471291148,0.9659910892784896,0.10566141330511566,1.2206215768500746
-0.3706115759515956,1.0020120907635088,-0.21911541488188843,1.022294070801359
-0.5666762909147455,1.0422303869446523,-0.44820545232514875,0.9773234909880119
-0.4878395900177489,1.052202207875701,-0.6233806529494625,0.7538552283969859
-0.5228176515798095,0.8570240817318912,-0.8449728203887309,0.339720742849829
-0.38776813223639617,0.8437355450822362,-0.8926610528559488,0.10182960576420334
-0.47993179542658687,0.9830835786456962,-0.9198383266152004,-0.24019525654602478
-0.3601233536850923,0.8324720010686638,-0.802908490362354,-0.40861781713268763
-0.5423234952167599,0.9403680953397814,-0.5152389360097914,-0.7381708989677133
-0.5218345231619755,0.9416030489731633,-0.22963684865014097,-0.7270068020827797
-0.5514005071962937,1.0243019472232806,0.1634225334916186,-0.7933552769216099
-0.5537681126153071,0.9302303277629729,0.5482509753926182,-0.8535498880916542
-0.3704622003824507,0.907381084678764,0.821717970488693,-0.6845412586339009
-0.4428591054510805,0.976874779293454,0.9234885778385391,-0.4140839541243499
-0.45032020183339005,0.994331480238499,1.0111761155031747,-0.10042474409996319
-0.5515465527365413,0.9390301112225441,1.1909744860716196,0.15240742241893285
-0.5957592149444739,0.6747134201118545,1.1408883620779275,0.4527012845890494
-0.6535032115036808,0.625284565750394,0.994179010619601,0.6692957950231709
-0.7212788991518796,0.7343082691003388,0.7737073376643047,0.9231231445878842
-0.680704609408184,0.6533215817244251,0.3354970985581388,1.1295054121034371
-0.7085649859369619,0.5988987753620328,0.17039010761757897,1.2211012613189987
-0.7900253214522368,0.7765185691002681,-0.19320184972651755,1.1312704339993864
-0.7490379559865328,0.6484815917477137,-0.5347444509787395,0.813670188056544
-0.778187260666156,0.6983858305429591,-0.7843873099529203,0.7564793690745447
-0.7630400473043432,0.7597342735725,-0.7451628978131939,0.4186442004340757
-0.7490288629587216,0.6775923048929384,-0.9562475656544801,0.10945504479156763
-0.7047002271038549,0.7718702708677737,-0.9101640388489054,-0.2797577894985328
-0.7966033867935118,0.686462121112164,-0.6425201902721698,-0.38411482991282747
-0.583337966896127,0.7586392190344678,-0.3641879084539126,-0.72780313471732
-0.5728201969445359,0.7637971098760398,-0.17987744228712996,-0.8894994877364932
-0.6863009712579273,0.698361605638316,0.17567557673761863,-0.9143216947191801
-0.6867038347749426,0.5926796581808029,0.3474145885297973,-0.8571334812927566
-0.724587141919603,0.670499722345991,0.8261495197640348,-0.6723785461042078
-0.5840035327705319,0.6938626265007576,0.9442380146853164,-0.4473052137259792
-0.7167052990948936,0.6553528581504896,1.1209899908477703,-0.21006143721894738
-0.7812163055515005,0.6370487018163372,1.0091407545121132,0.09953271988283371
-0.755993499214869,0.5144472906152749,1.1533574791186019,0.4378587991778405
-0.8536218070548401,0.4164973467207641,0.9961717123189967,0.7521678878164508
-0.8906336948166953,0.530959732939036,0.6178320067892433,1.0467457939411873
-0.8500784798981249,0.4068127432402383,0.44027828556559967,1.131643644877028
-0.9269428850030563,0.5012955912220214,0.08145840719081235,1.1000199363405845
-0.9180631931435698,0.4082148736283516,-0.17240463439918022,1.1590243511276062
-0.7155438686012823,0.5111455183467838,-0.4880650641966733,0.8426015798071245
-0.712022881237703,0.4977862691267184,-0.7052436477216857,0.6029019452774304
-0.8072543675255371,0.40336588058372325,-0.9058720762314549,0.33007875745361237
-0.9361116305583645,0.3630217233652961,-0.9361533148779873,0.04097457958242719
-0.892361537952052,0.5066187988666758,-0.9459225726306075,-0.22796201430143503
-0.8627668734896358,0.5463429723373967,-0.5780980912198457,-0.5123535579913112
-0.7457580062456638,0.3909083528937488,-0.42436028004041004,-0.8060967465923624
-0.9472056568822648,0.47683308698788246,-0.07586360136280654,-0.8160802428327472
-0.9403005658807015,0.4186782400216864,0.04087809213188122,-0.9761568268430446
-0.9088090089294775,0.5173921432721913,0.5392913083479967,-0.9144278021845957
-0.7887776475560405,0.5012305574823512,0.7864497236396613,-0.6512316926212088
-0.768125919880486,0.35083038074862793,0.9533655435516095,-0.372955149435277
-0.7891200255110769,0.5245121140504656,1.061065415235217,-0.06546158656526929
-0.8383255896874173,0.5564850327828235,1.0644034341781095,0.14270960686804562
-0.8632477769284137,0.12860586412642622,1.139043114762016,0.5582295480186845
-0.9259197985980567,0.22107025578173894,0.8661843649013228,0.7261706456663563
-0.813826798231461,0.14700651382712449,0.6038320241404478,0.937881608085029
-0.9527612462418639,0.0386880871640113,0.5008493720690911,1.0337270327927204
-0.8283061416586712,0.04996570571436314,0.16780054633913394,1.1075004495983491
-0.9541222110656826,0.10173870928472682,-0.1302138656784873,1.0740080796960898
-0.9078788508774158,0.18717642955392297,-0.42727004518400996,0.8267762653531856
-0.8435953598175774,0.206395953946539,-0.7042549209687265,0.8097200561756522
-0.8049431412121558,0.19749075748613282,-0.8533659957441099,0.3251753921376646
-0.9797185577835537,0.07963106134974816,-0.7959649742811693,0.10904623893286221
-0.7676535072578174,0.1335160318426817,-0.8716995503811913,-0.10235961772022434
-0.8060718303478994,0.022487669692645384,-0.6053820511497846,-0.48915158123421465
-0.8783020918992069,0.027926436048300984,-0.3905168735577337,-0.6556482739486318
-0.8910353528547702,0.034073137234574793,-0.09595102178898615,-0.7463963325246012
-0.8883040626425485,0.16966307620004717,0.12640915439293884,-0.7784412402343484
-0.9234126319958607,0.12379425477241528,0.46793234159029146,-0.7182786094233484
-0.8728728361547182,0.047427601504395164,0.8255088561370068,-0.761320832372667
-0.8723071089569726,0.12375145624755533,0.92000803312965,-0.5231396894377802
-0.7955930729194345,0.03690205549417229,0.9660612212400226,-0.08455057316487283
-0.8012921457791368,0.013743536726547169,1.2166874742498297,0.14834046509652699
-0.7899769837467308,-0.09633882580269543,1.1088536998624063,0.4349770148366594
-0.8564041706300866,-0.1688771125362261,0.8977854073446597,0.740987649501363
-0.7481614017245344,-0.07661477768578148,0.8370360701941351,1.0138725549329164
-0.8178501190952899,-0.1348501942361404,0.36505986912072924,1.084028808668385
-0.8633747404009329,-0.16331925308098727,0.1631127682421538,1.0505187741371078
-0.7163061257951819,-0.10516769150559199,-0.1577693338978825,1.064529882715284
-0.7320708134219077,-0.08926351822565284,-0.49097389442168926,0.9159947243299902
-0.8135174305705482,-0.06178909035505001,-0.7734702045523213,0.829298439695473
-0.7954377447948467,-0.3088864005357111,-0.9447727698676027,0.46403075790831594
-0.8042953401622994,-0.09265734662169114,-0.8947219365586897,0.173847487979501
-0.8991209431118965,-0.1558753770039476,-0.9050314439382758,-0.12897584137045243
-0.875744933725281,-0.06152944294773957,-0.6275731775075841,-0.5010614547205696
-0.833325679165756,-0.1770969770403367,-0.4951945806636737,-0.6797693892436198
-0.893434476242264,-0.1891361480723926,-0.09862697250789604,-0.811882858292128
-0.7399793181213064,-0.10868009299445922,0.1835574227983281,-0.9608761952214888
-0.9023654439033914,-0.2520562604484368,0.45177346258104195,-0.8105425049047099
-0.894576071052054,-0.18449342157584986,0.6319990166987985,-0.6353161720978335
-0.908379504508189,-0.08380387224194608,1.0483630000238782,-0.48117136836491403
-0.8941404418410153,-0.16535168959240037,1.0173870253433837,-0.0999493892058691
-0.8421318452691788,-0.09772244811143813,1.2311452238099003,0.182846766540483
-0.7312414227123443,-0.40312517929362257,1.0069991174694137,0.39902475489639033
-0.5781720838491364,-0.44128849333585407,0.9024079462856087,0.7013383452558228
-0.7014651465425514,-0.5261016207959793,0.6096603396866196,0.9056144690229906
-0.7628129143439134,-0.421181197962606,0.4690461314366262,1.1449451768577874
-0.5827967522049742,-0.5669145488918174,0.04515422193827715,1.183567776421485
-0.5640798997859262,-0.4312953059995772,-0.2977542175065538,1.0586259775636926
-0.6992995010934216,-0.42254911280563745,-0.4069918824966992,0.9824551379084259
-0.7812371885147977,-0.40534728846316775,-0.7221575829794998,0.8240886240845884
-0.7445008203969308,-0.36509722321114246,-0.7859023101694276,0.5050751439328827
-0.7068370328468094,-0.34220944657157143,-0.9040328497320071,0.17639296453276732
-0.6602929758727939,-0.39552798095849895,-0.7942198906842869,-0.28168343449386085
-0.7434640574297361,-0.4424236303236236,-0.8036045407173709,-0.4903025880033518
-0.6583062220294267,-0.35570698671392603,-0.3601427551617161,-0.6612908117736133
-0.6312130492665267,-0.44276266085286264,-0.1088773303052448,-0.8362115043035722
-0.7535803108706374,-0.5835395177081577,0.1864618710856801,-0.9874150033152614
-0.779662581660996,-0.5575703595178335,0.5122951977776374,-0.8938846202900984
-0.7348480260703657,-0.3721075726175556,0.6836118319488552,-0.6004697291107227
-0.7293224188934768,-0.4667111244894474,0.9633368024540596,-0.5838740791183417
-0.7029753044464957,-0.3765713336484072,1.094930231220857,-0.0930892781109812
-0.6820524232096679,-0.5354339812872393,1.1325129261912539,0.019517263258108323
-0.5664063030199622,-0.6709441589902536,1.0198239552506374,0.4762776418953363
-0.5221646936178901,-0.651546148108842,0.87117423429044,0.7128380833627488
-0.38753159660003855,-0.8010192404343056,0.7006949449054664,0.8635154440624858
-0.5804801829019367,-0.6553386395956622,0.36594520088158433,1.0939604476461757
-0.3555717174229621,-0.7184141288066842,0.20111239590326757,1.030547287730855
-0.40520253657861005,-0.7966338496144321,-0.06249093390095481,1.1188480745423168
-0.46563300884157843,-0.6866244970806169,-0.5802872647251256,0.958913381405651
-0.4431539870366135,-0.7608893953594287,-0.6751009467081379,0.6017792916394209
-0.5284643573495929,-0.7782460574884611,-0.9292872113199304,0.3231027490107867
-0.4730730452474905,-0.7576434516480274,-0.799477139861049,0.0381251592506177
-0.34701311747074504,-0.7723882667212248,-0.7037702888700686,-0.30411172768355127
-0.4510838226077313,-0.7617489507567938,-0.7922804297755099,-0.4789913658682351
-0.4575012945914729,-0.7983538916471615,-0.3529356618213395,-0.6009616255542429
-0.5298866556153423,-0.6502175151599768,-0.3044726109657736,-0.7967089734316325
-0.4655608163124315,-0.7385502804048398,0.17095965343658864,-0.8699676461723145
-0.43177023024905087,-0.6743678248636122,0.5049511143957519,-0.735089460561751
-0.4180013670760363,-0.6352262345138644,0.721319644263155,-0.7845925148345868
-0.488906448375325,-0.6842379910042999,1.0303568571077328,-0.36077220149578104
-0.49592609015635414,-0.675066730437169,1.1758077410216885,-0.28201282084075785
-0.34078975150206503,-0.6977212030509368,1.156484406520124,0.12924918952423597
-0.29958227781505953,-0.920073446895636,0.985523764398293,0.34480599989584143
-0.08772499232432873,-0.828467192928149,0.8634673928029786,0.7276278953932241
-0.08069528746513782,-0.7378069774599495,0.6333205212650815,0.8101619003617784
-0.10997102597864455,-0.7325746648297202,0.31947196036818604,1.1427270159505254
-0.284338924711054,-0.8834829332219791,0.02673541463755181,1.2121773066145707
-0.24354919840726855,-0.8989411766073251,-0.15490612310352606,1.1802618338585882
-0.22517778438424843,-0.8098116236106032,-0.35286999975220634,1.055759063070862
-0.13908500653061306,-0.790978560004464,-0.7204030616331152,0.7140685277421789
-0.27487871003610514,-0.846799278384432,-0.848399243780275,0.37687240047932624
-0.12871011972951252,-0.8995626374120926,-0.7539126457538872,0.02518762798030903
-0.2823265289731372,-0.7140732359718613,-0.714661719036338,-0.18205478666756314
-0.14557765720780766,-0.930538714520722,-0.6398558247665627,-0.4413829708670034
-0.18547351021513003,-0.9246291596497231,-0.3407096867141517,-0.6182952203972621
-0.11425406356712878,-0.915546235819154,-0.117309147570799,-0.9303158540175176
-0.13025772477477404,-0.9094414060760483,0.08417481609786885,-0.8346009517293215
-0.08308685423586848,-0.7958168553113265,0.47461245947481756,-0.8218117626186003
-0.08628636829225025,-0.807629075084854,0.6488265739900427,-0.7662549899935858
-0.2254762311905735,-0.9380370437236861,0.8828938070828465,-0.35314578620951276
-0.13433053629124894,-0.7182561701430912,1.1211011091027792,-0.1613962000893047
-0.25956453770346527,-0.7688910958755857,1.1319617076046995,0.11015867019020978
0.007635236576158982,-0.8155395865506024,1.0539548946470372,0.5444967269527681
0.1860185650918654,-0.9841488748267955,0.9596765488840467,0.7517637073567585
0.12500560889755002,-0.7848898592404421,0.7754152662734071,0.9220034216900439
0.11998053528651494,-0.7663987202596967,0.45490028794043713,1.1609808714750707
0.2261805595168405,-0.7539004219397571,0.13794812873399193,1.1331558756185867
0.15246666210563942,-0.7852652958290335,-0.16312433968551873,1.0895282827429724
0.15441659739711347,-0.8036102526837423,-0.4598302723028542,0.9790333768957876
0.21486057641155287,-0.8716556453531062,-0.7883688126252725,0.6795827286218151
0.20137235613242122,-0.9555993848735338,-0.7711639825802811,0.36883964592333385
0.14418037890367108,-0.9003526258160393,-0.7509609721757826,0.1447308731147735
0.04573061735372831,-0.9665171872530072,-0.8624229400559231,-0.09229523070682033
0.059983002642179165,-0.9922776128137621,-0.566202290579096,-0.4860910622386666
0.22162798326902514,-0.765214573482613,-0.5011730619673833,-0.7808632091186857
0.00716853811602634,-0.924673483853402,-0.08738102893487099,-0.8400950571134143
0.12247534712805579,-0.926116541381161,0.11367371624797677,-0.924953899696525
0.04198178642056401,-0.9167659295409561,0.41237381663015105,-0.8507098028415304
0.2446701624102895,-0.883232953242787,0.642218269381798,-0.600676103511664
0.17817361791972833,-0.8379503983834607,0.840430641215604,-0.4868780865990716
0.12511790603871056,-0.9936929546267409,1.0282851646868574,-0.21147300984229597
0.11777209363548465,-0.7894483468951664,1.181526107916208,0.0901122233447359
0.323921711269857,-0.8112983800479798,1.1467745345399343,0.3440808341923085
0.479509970412213,-0.7375315289767929,0.9824638981216718,0.6528178008205832
0.3196247787501326,-0.8640867177133383,0.5902358153582387,0.8307207695914058
0.3268783605251078,-0.839549854281378,0.5198203288775749,1.0584058505666047
0.43942945499101815,-0.9374966451848712,0.230582999449069,1.064320696192465
0.333199500820164,-0.9067796328478763,-0.11627843920646622,1.0254453623329332
0.5135541328398534,-0.7853545008049101,-0.5771202883087109,0.9152315973011039
0.5134037673947688,-0.8683492674943275,-0.7144704601123926,0.617587067147795
0.4896268924666578,-0.7264349818365787,-0.7749716101743116,0.43278372532506226
0.34648335499443894,-0.921517716683476,-0.8176217386238382,0.17660180688439023
0.473918307602024,-0.7039520340989085,-0.894987248629025,-0.24812365120470958
0.4386657300025818,-0.8160609915356714,-0.7417533114316062,-0.39151773180897154
0.5522606330659129,-0.7743271614644629,-0.4195274610414435,-0.7904946001597156
0.47126486755303626,-0.7011836112707275,-0.18964394494323225,-0.8525856595497294
0.5090996382130476,-0.8790941800913693,0.15592910316686043,-0.9991514692589232
0.42246642155667713,-0.8474258815718765,0.3681282275351748,-0.8958872933118976
0.4171148703208126,-0.8348465308888693,0.6320661909170521,-0.8086918521997986
0.5153454432254586,-0.7600672466721645,1.0164278407993435,-0.5404903345437896
0.32988444808967576,-0.746505506568236,1.1427869332789697,-0.2733959806697047
0.34230974627673766,-0.9260011312462808,1.2336195682795674,0.06701899978084375
0.6311324055722243,-0.7644877559032559,0.9780287425662444,0.3527400107088931
0.6855197028734068,-0.7191082660044275,0.8545738707752114,0.6224474951906219
0.7956301880022403,-0.7948408221078748,0.6125590728980878,0.9587383969669137
0.788626350193083,-0.6785455759596277,0.4314579448558092,1.176320992715835
0.6029030470849464,-0.7250547507057165,0.048311332617217685,1.2348449414710596
0.6875996949458668,-0.7650997369560324,-0.08504410092680528,1.006352630279923
0.7195042099195469,-0.7567803258766637,-0.5630128398720193,0.9296848382240509
0.6919851192751696,-0.5827286046238316,-0.797975601434282,0.6817880312736619
0.7520002250358997,-0.6401692000408858,-0.8117327273439631,0.4399620036164149
0.744778592089999,-0.6918999443989482,-0.806876233203094,0.06621814838714758
0.6607812722829016,-0.5809838758150419,-0.8730715019210864,-0.29192768925724
0.695698044854653,-0.7830141006801029,-0.7642713745463636,-0.47870348292244735
0.5916570337014777,-0.6226304759495183,-0.5030463327305437,-0.7655537350336971
0.8338011833872614,-0.624950130475788,-0.2564805851140596,-0.9445297392564274
0.629577354771137,-0.6685516380545382,0.12753812994131236,-0.7613304314798877
0.6143393385246388,-0.7629684699960659,0.5356080751912509,-0.8434073863302993
0.6808876873063572,-0.6597141567904838,0.7450162369555524,-0.5686273510990317
0.6373148529282165,-0.7340327468525003,0.8344004665780254,-0.3971816312917251
0.7102071617964789,-0.775486261167777,1.0487702044767422,-0.3071798290992359
0.6726586056401623,-0.7558666110352368,1.0136541538059145,0.17000966011503443
1.046924610569379,-0.36404983343226976,1.0763772445959574,0.48550468293716825
1.0391000043340883,-0.5699220490957122,0.9169472873460093,0.7490674489443188
0.8221862437951455,-0.5271636125582935,0.8371753396705204,0.9470944555018799
0.9934815182541965,-0.5743466542402949,0.5119176396237781,1.0055836987409736
0.8762968509745863,-0.4773547380263674,0.12141291747450447,1.1930915534032607
0.9147258981271493,-0.5844644521756602,-0.08540505548309904,1.0080635971952663
0.9459847196786585,-0.36348741454908035,-0.5533986036007068,0.9017331741182988
1.044701240444181,-0.5386207044505653,-0.711515765763626,0.8105174575488969
0.9134530204541129,-0.5644426231037001,-0.7192174600456223,0.5231112213070127
1.0547801109924113,-0.5109435273954933,-0.7706265418959708,0.10060838745336116
0.8843807315529637,-0.473770835581538,-0.7726630133965747,-0.22951221500076352
0.9842916833501789,-0.5623679038862845,-0.6544326484694625,-0.43562639463372566
0.9756017072710538,-0.33893782037870046,-0.501963279732137,-0.5814681877013269
0.9437986106356615,-0.5047620439293485,-0.07501016270250513,-0.723781969344933
0.9835433744200244,-0.5134485483204929,0.03119351016512296,-0.8521013977731405
0.975648972725594,-0.5722739469625652,0.491663334751374,-0.8679136644612658
0.8535501079750318,-0.5132242593205324,0.7494046103989264,-0.5957510870724678
0.8410205943049904,-0.5761974360679282,1.017304990792271,-0.47718577903218207
1.0587870930652876,-0.4614282166780476,1.0506270733498475,-0.08292812482046169
0.8517972609640554,-0.397428780619945,1.1874555523401589,0.008294851488031612
0.9592067214277855,-0.15124949457154924,1.1598616439146863,0.44212361499998054
1.0913564644725686,-0.2865440816809247,0.8896320937155123,0.7669095889185686
1.171523141408106,-0.2888013885923692,0.7258506565070619,0.8538424553303948
1.118350342428752,-0.11470686023771182,0.5537992774834205,1.0351897477454193
0.9986648330901421,-0.0827333083190549,0.13732713325457574,1.0469282371438169
1.0432856528111272,-0.17557400643319757,-0.22641109197329665,1.0315383120908845
1.0662380006102565,-0.28172844136433295,-0.43291736349802806,0.9099811721824991
1.196466004037841,-0.10256477991104804,-0.7188578516243966,0.7249268272567142
0.9901577543517944,-0.22449256467440465,-0.7619291304196675,0.3212016425705142
1.1649372177566313,-0.2355237311183266,-0.8965248128274526,0.13818303329473575
1.1122476505126755,-0.12243863744902778,-0.8279702401989192,-0.24031414316557212
1.0451245688648614,-0.3064328397890985,-0.635331186091795,-0.527409816858945
0.9987874401042293,-0.2969051595616421,-0.34460178102252725,-0.7482306995233097
1.05811976454,-0.1420379639815417,-0.22707825425159586,-0.9125166540026349
1.0715620315531176,-0.15814999841725524,0.2094507957696437,-0.7608959097479939
0.9812094196194441,-0.17749137792605732,0.49378505119332927,-0.7171411724160036
1.0984333874689183,-0.1265896323191407,0.8263288663873587,-0.6043383850728866
1.0076034362333224,-0.13220362304609223,0.816997651750942,-0.40571979033676486
1.0472112973875063,-0.11367273142512832,1.040273762840789,-0.26506406230606516
1.096803111982072,-0.2370227504714048,1.1656634585718035,0.09009274426061314
1.0629515306180781,0.17313299659662945,1.021431906082276,0.3562144875353487
1.0726101660692449,0.1391674587410029,0.8666127612043134,0.588084851502484
1.154272721098306,0.09913019814539789,0.7655673900875544,0.8881218728080832
1.0663202274525074,0.015397666763490919,0.4651602236232746,1.1259607628944175
1.2060940666722089,0.19504388287279315,0.14765216322990904,1.1563137950447602
1.2456658499304876,0.08439596601301103,-0.14390750279679687,1.0868220601311165
1.1825621980668994,0.1519664768157362,-0.5758965840140065,0.9187762952218648
1.0859692510287458,0.18531351237555424,-0.7218207922474327,0.6596420691631089
1.146017333319613,0.026203310493374658,-0.8382213712062178,0.43443177106162006
1.0269422538109358,0.03197209494574855,-0.9397737507199724,0.19038654641741182
1.2265770376624332,0.13738502675379924,-0.7722952629711095,-0.11841498217776877
1.2199134311204762,0.12130735214623958,-0.5949714213733754,-0.44377127691833373
1.2044401398426605,0.22261891979610932,-0.5174083285128349,-0.6221012849645182
1.065181999763866,0.19974006970321959,-0.1262542869440122,-0.7896728897998231
1.1485890626660826,0.18358527092399218,0.034440723129878906,-0.9691951204188735
1.005628148185058,0.012832971528092518,0.5181976898123766,-0.824957051271962
1.1063148300535337,0.018221324774743784,0.6224356812280629,-0.7222016661945392
1.0781797217051539,0.02213186491867986,0.9560693407223207,-0.5647483310911973
1.0403711860779374,0.19958771602848785,1.042595716408888,-0.27205462736681796
1.044691546688092,0.23575203489267543,1.2016898861652765,0.049542425266600194
